1	0.461928934	0.632520325	0.443825441	0.33
0.931122449	0.489340102	0.836314363	0.194057567	0.33
0.904336735	0.407106599	0.60596206	0.483751161	0.67
0.871173469	0.602030457	0.777777778	0.309192201	0.33
0.869897959	0.549238579	0.796205962	0.273909006	0.67
0.869897959	0.564467005	0.767479675	0.222841226	1
0.849489796	0.849746193	0.684552846	0.375116063	0.67
0.843112245	0.568527919	0.826558266	0.309192201	0.33
0.835459184	0.662944162	0.847154472	0.229340761	1
0.831632653	0.858883249	0.643902439	0.548746518	0.67
0.827806122	0.557360406	0.622222222	0.155060353	0.67
0.826530612	0.828426396	0.675338753	0.490250696	1
0.794642857	0.797969543	0.672628726	0.381615599	0.67
0.784438776	0.655837563	0.773441734	0.376044568	0.67
0.781887755	0.620304569	0.744173442	0.250696379	0.67
0.781887755	0.69035533	0.611382114	0.232126277	0.67
0.779336735	0.595939086	0.772357724	0.322191272	1
0.779336735	0.571573604	0.618428184	0.56917363	0.67
0.766581633	0.587817259	0.579403794	0.256267409	0.67
0.765306122	0.510659898	0.621138211	0.590529248	0.67
0.764030612	0.609137056	0.512737127	0.506035283	1
0.757653061	0.654822335	0.81897019	0.542246982	0.33
0.753826531	0.592893401	0.621138211	0.407613742	0.33
0.737244898	0.713705584	0.657452575	0.558031569	0.33
0.733418367	0.830456853	0.801626016	0.581244197	0.33
0.729591837	0.649746193	0.817344173	0.262766945	0.33
0.728316327	0.911675127	0.67696477	0.445682451	0.33
0.710459184	0.582741117	0.620054201	0.367688022	0.33
0.706632653	0.555329949	0.851490515	0.534818942	0.33
0.701530612	0.581725888	0.556097561	0.448467967	0.67
0.696428571	0.662944162	0.565853659	0.494893222	0.67
0.68494898	0.527918782	0.619512195	0.335190344	0.67
0.681122449	0.568527919	0.524661247	0.635097493	0.33
0.676020408	0.595939086	0.706775068	0.433611885	0.67
0.673469388	0.831472081	0.654742547	0.407613742	0.33
0.672193878	0.69035533	0.580487805	0.403899721	0.33
0.669642857	0.556345178	0.557181572	0.514391829	0.33
0.667091837	0.576649746	0.540379404	0.573816156	0.33
0.663265306	0.770558376	0.534417344	0.598885794	0.67
0.660714286	0.591878173	0.663414634	0.588672238	0.33
0.660714286	0.870050761	0.524661247	0.396471681	0.33
0.651785714	0.680203046	0.514363144	0.503249768	0.33
0.649234694	0.570558376	0.57398374	0.504178273	0.33
0.644132653	0.569543147	0.603252033	0.408542247	0.33
0.639030612	0.572588832	0.922493225	0.795728877	0.67
0.639030612	0.591878173	0.829810298	0.613741876	0.33
0.639030612	0.717766497	0.726829268	0.334261838	1
0.633928571	0.416243655	0.656910569	0.595171773	0.33
0.633928571	0.700507614	0.624390244	0.462395543	1
0.62627551	0.782741117	0.798915989	0.714020427	1
0.619897959	0.312690355	0.678590786	0.621169916	0.33
0.610969388	0.710659898	0.635230352	0.485608171	1
0.600765306	0.514720812	0.548509485	0.532033426	0.67
0.594387755	1	0.616260163	0.380687094	0.33
0.588010204	0.74213198	0.559349593	0.537604457	0.33
0.580357143	0.715736041	0.700813008	0.506035283	0.33
0.576530612	0.549238579	0.533875339	0.175487465	0.67
0.572704082	0.565482234	0.606504065	0.38718663	0.67
0.56377551	0.36751269	0.721409214	0.640668524	0.33
0.56377551	0.52284264	0.611382114	0.589600743	0.67
0.56377551	0.489340102	0.579945799	0.389972145	1
0.56122449	0.781725888	0.720325203	0.682451253	0.67
0.551020408	0.267005076	0.79403794	0.689879294	0.67
0.549744898	0.454822335	0.624390244	0.388115135	0.67
0.540816327	0.778680203	0.467750678	0.635097493	1
0.536989796	0.689340102	0.811382114	0.327762303	0.33
0.536989796	0.712690355	0.551761518	0.562674095	0.67
0.534438776	0.52284264	0.47696477	0.406685237	0.33
0.529336735	0.397969543	0.610298103	0.34911792	0.67
0.528061224	0.673096447	0.779403794	0.288765088	0.33
0.526785714	0.629441624	0.524661247	0.413184773	1
0.525510204	0.854822335	0.62601626	0.724233983	0.33
0.521683673	0.502538071	0.674796748	0.34911792	0.33
0.520408163	0.845685279	0.827100271	0.249767874	0.33
0.517857143	0.830456853	0.52899729	0.52367688	0.33
0.511479592	0.770558376	0.465582656	0.408542247	0.33
0.507653061	0.65177665	0.822222222	0.448467967	0.33
0.507653061	0.447715736	0.690514905	0.520891365	0.67
0.505102041	0.495431472	0.608130081	0.341689879	0.33
0.50255102	0.417258883	0.642818428	0.362116992	0.67
0.5	0.898477157	0.517615176	0.697307335	0.67
0.49872449	0.52893401	0.551761518	0.376973073	0.67
0.489795918	0.815228426	0.601084011	0.725162488	0.33
0.488520408	0.279187817	0.780487805	0.666666667	0.67
0.478316327	0.467005076	0.611924119	0.384401114	0.67
0.474489796	0.475126904	0.647696477	0.48189415	1
0.473214286	0.506598985	0.750135501	0.538532962	0.67
0.471938776	0.884263959	0.752303523	0.626740947	0.67
0.465561224	0.58680203	0.601626016	0.584029712	1
0.464285714	0.551269036	0.742547425	0.635097493	1
0.460459184	0.465989848	0.791869919	0.458681523	0.33
0.455357143	0.382741117	0.526829268	0.429897864	0.33
0.452806122	0.792893401	0.779403794	0.309192201	0.33
0.452806122	0.642639594	0.527913279	0.35097493	0.33
0.446428571	0.560406091	0.587533875	0.407613742	0.33
0.445153061	0.880203046	0.612466125	0.721448468	0.33
0.445153061	0.337055838	0.604336043	0.557103064	0.67
0.43877551	0.584771574	0.698102981	0.411327762	1
0.432397959	0.340101523	0.578861789	0.43082637	0.67
0.431122449	0.556345178	0.571815718	0.340761374	0.33
0.426020408	0.550253807	0.746341463	0.708449396	1
0.423469388	0.744162437	0.475338753	0.761374188	0.33
0.419642857	0.837563452	0.676422764	0.65273909	0.67
0.417091837	0.327918782	0.682384824	0.571959146	1
0.415816327	0.455837563	0.651490515	0.268337976	0.33
0.411989796	0.659898477	0.61300813	0.367688022	0.67
0.403061224	0.957360406	0.76097561	0.30362117	0.33
0.395408163	0.740101523	1	0.510677809	0.33
0.392857143	0.69035533	0.775067751	0.248839369	0.67
0.389030612	0.637563452	0.738211382	0.499535747	0.33
0.387755102	0.862944162	0.719241192	0.536675952	0.67
0.386479592	0.753299492	0.436314363	0.320334262	0.67
0.385204082	0.893401015	0.63197832	0.697307335	0.33
0.380102041	0.656852792	0.569105691	0.402971216	0.33
0.37627551	0.78071066	0.858536585	0.73630455	0.33
0.368622449	0.797969543	0.414634146	0.52181987	1
0.366071429	0.442639594	0.896476965	0.385329619	0.33
0.363520408	0.407106599	0.686720867	0.452181987	0.33
0.362244898	0.439593909	0.613550136	0.494893222	0.67
0.358418367	0.596954315	0.554471545	0.419684308	0.67
0.355867347	0.49035533	0.399457995	0.331476323	0.33
0.352040816	0.874111675	0.778861789	0.267409471	0.33
0.352040816	0.998984772	0.692140921	0.672237697	0.33
0.352040816	0.754314721	0.403252033	0.38904364	0.33
0.349489796	0.624365482	0.722493225	0.461467038	0.33
0.345663265	0.634517766	0.675880759	0.448467967	0.33
0.338010204	0.81319797	0.740379404	0.588672238	0.67
0.338010204	0.303553299	0.692140921	0.701949861	0.67