0.499945163225238
0.699959555552402
0.59994409790548
0.199934490130029
0.199920276334101
0.499974495300123
0.799968074411192
0.79994808110667
0.0999496255748745
0.399974395915282
0.299930881828407
0.0999174784315393
0.0999578096558461
0.299982593096931
0.0999906572408245
0.199933043324083
0.599939362515008
0.599990007099312
0.399977476475891
0.299955208388031
0.0999330940588865
0.699982058522227
0.799956631364078
0.0999497554009615
0.399943046540931
0.199937739196088
0.399959762774067
0.699961045028081
0.699952221336612
0.699993434592556
0.499966993045535
0.299982194678392
0.199938928437133
0.799993668689983
0.399981216884694
0.499981158601885
0.499928474975537
0.0999505838722909
0.5999369210362
0.0999906746007075
0.299991053974477
0.499938929842049
0.499967341973301
0.699984165785814
0.599983235767839
0.499947345021797
0.799956768867416
0.499961790273668
0.399970662222291
0.0999581259842161
0.299938674189916
0.499954708074103
0.599937692155005
0.499927335734699
0.399911451140546
0.599971619750609
0.699964325586313
0.499941815765372
0.699944567628208
0.0999712784515585
0.199922902105692
0.0999080601888536
0.0999530311496649
0.199980552551575
0.699989692722183
0.799926170462983
0.799932687220642
0.199988809344052
0.799975119395083
0.499950241635973
0.499925990557702
0.4999799301039
0.799951628421106
0.299944225915595
0.0999361995551441
0.399930902001659
0.299955134614342
0.199956272489466
0.399946423720447
0.699992675330849
0.299963042715971
0.799980369360433
0.399932167092106
0.699992917563882
0.499979115340548
0.0999788674931211
0.599920479171189
0.499945268306552
0.399929484403096
0.599989692238046
0.599990090000046
0.799932333987505
0.299963417658361
0.599982310658359
0.799981399937559
0.199941175465906
0.499951428014899
0.299957292500696
0.799967570969188
0.599953814391617
0.499934211669594
0.599951286131245
0.499932747231553
0.699921876394199
0.399904740934664
0.599969403623194
0.499961421561523
0.299937246971053
0.499940003481143
0.799969413181495
0.399917316456554
0.599901613970604
0.199949605388468
0.799979239597438
0.599988867843749
0.199919891159657
0.599927068488903
0.199987985025186
0.599973032211349
0.699946507234389
0.299920148669253
0.399978376805306
0.599947571938656
0.199939994094529
0.699931883129311
0.499925705348977
0.199951749848712
0.299953094001327
0.399942378561338
0.699992092403235
0.699960453329503
0.0999786475492141
0.299926987451025
0.699992355123082
0.299977474205554
0.499977404407336
0.299914043662645
0.499941066136888
0.299924083213521
0.699988896601944
0.399989294722619
0.399926624241741
0.799960899800609
0.499980909441187
0.299979801122792
0.0999368037749677
0.699947835352435
0.399954141333141
0.799964931029561
0.599950172517596
0.399954886425829
0.299966476101081
0.499953960669604
0.0999461281135134
0.299934680293997
0.199978923280126
0.0999733696068379
0.299956941367894
0.799959215220975
0.699979081811959
0.499943440882644
0.299932457014939
0.699965620695585
0.599985780185249
0.0999923326756266
0.299945170093943
0.299949816229379
0.299991764948601
0.599981569530716
0.199963147319907
0.699945629173703
0.0999851048619117
0.799964293506202
0.799959177562743
0.299953152705159
0.79994944436493
0.39996698636345
0.199967777487123
0.799960814023162
0.699994596401
0.599972926908048
0.699985497038082
0.299949967309637
0.699994774283857
0.399984583941348
0.499984528014712
0.39994117157802
0.199959514030859
0.499948109038328
0.0999923453310481
0.499992682784318
0.0999494777304727
0.49997315312819
0.399986901501999
0.299986149728294
0.199956664734764
0.499964183709771
0.299968531676478
0.399975875541984
0.799966093089383