0.599380123732017
0.499340322116905
0.699335773197854
0.699387974114638
0.799417474406858
0.299354529249854
0.399337362439514
0.599362273570839
0.599347603239658
0.299355242311085
0.699413387924719
0.799437268763355
0.3994529967827
0.199361260576934
0.0993877715433058
0.699397573740061
0.799321940603197
0.0994237369774683
0.299318394502729
0.49937126657789
0.699396187192966
0.199375082598264
0.699279748353503
0.499421676149121
0.599395652009971
0.699367638851342
0.399424349216796
0.399410124969516
0.599335571154526
0.0992908160275651
0.399344938325881
0.199369177851912
0.599429514877066
0.0992843448996999
0.199390959187368
0.199393291919299
0.799371589423182
0.499412666157302
0.699375244097448
0.0993869587745283
0.0993714033454439
0.699363219526336
0.399341844841558
0.199334376350026
0.199350792527816
0.499454863424851
0.599310764255366
0.399399044432953
0.399312808218689
0.49934685672777