0.199973067842744
0.699913308237666
0.0999710993254526
0.29995828189066
0.199985615121677
0.399941180801661
0.799973983721068
0.199984312328139
0.499911308953495
0.199926553897282
0.499899136172793
0.299967958941225
0.19988445715681
0.699896934309163
0.29995806165416
0.399930630286439
0.499912810019924
0.799906279048312
0.399905452071687
0.0999857273258308
0.799933595268504
0.199959764881261
0.0999597190025289
0.699987795371577
0.199986452277328
0.299924120240063
0.49991298313441
0.499936043951387
0.699887231660746
0.499924415708028
0.499943758823449
0.0999128671458945
0.499939126799107
0.599984596117499
0.199942520191877
0.499945002196605
0.399892411139127
0.299911360107862
0.399967066355953
0.699969913967059
0.599956772194628
0.299889668342526
0.399968166645834
0.599960224074679
0.49991142373198
0.299955134322007
0.799904102462298
0.399954074165988
0.199957402512285
0.499888904077821
0.799970061846963
0.499902127649402
0.599967764643316
0.699953431725297
0.799983990095665
0.0999334784033626
0.699970697784154
0.299982393324363
0.199899740333339
0.799918275953918
0.699887048843367
0.299963953831171
0.299870219079832
0.79988436722439
0.49995299661244
0.39992193139493
0.599902010068341
0.499893688745557
0.599894121409963
0.599984088968686
0.0999241532284604
0.199954707542521
0.399954940399521
0.599986230981412
0.299984778020327
0.599915113484437
0.599902363657722
0.299927902741827
0.199871895419267
0.799915498325263
0.399936578252788
0.199902076413857
0.399931421554576
0.299982605467833
0.599935816152526
0.79993854497276
0.399878971568452
0.699901151409059
0.699963182270384
0.0999658634108287
0.69995143059771
0.0998755641063981
0.199964102411434
0.399955064672858
0.799900973377003
0.299949555376182
0.0998905675550504
0.499948407179443
0.0999519773016421
0.199874534132068
0.499967616992841
0.299894731592428
0.599965324321205
0.39994970997997
0.399982686024308
0.599929103216709
0.0999682603112676
0.099981091802331
0.399892785489843
0.199911487171815
0.399877934624183
0.399961381963331
0.199860791205567
0.199874565668163
0.499949490031049
0.599916365698447
0.799894817947284
0.799886215291212
0.299885753356501
0.499982866472413
0.799919464207781
0.799951769224183
0.699951759068651
0.59998519081734
0.799983754991229
0.0999083796193301
0.0998945651780684
0.0999226220775079
0.599863332828857
0.799908823217769
0.599932067134363
0.0998950810549959
0.299926368709564
0.0999813280247218
0.399930833402362
0.0999333166362085
0.499870212465866
0.799893595059188
0.799960373452556
0.0999634712337566
0.799947740431986
0.399867052964827
0.299961569432957
0.499951827697332
0.499892866906358
0.299945903053956
0.699883635373108
0.799944750864171
0.699948878094516
0.299865698892317
0.399977779637515
0.0999274476572954
0.299976147997937
0.399965513767616
0.199988091307182
0.499951344342297
0.499978314642475
0.799987120220164
0.499926525519134
0.399939415396677
0.599916587292727
0.0999734048548341
0.2999044737184
0.399914084652926
0.49996538548238
0.399942516354099
0.199927237207102
0.199921182001301
0.699922134373131
0.499988263391446
0.199944267901238
0.799967038305505
0.799967075254943
0.299989791653407
0.599988857362729
0.499937388409642
0.499927953963375
0.299946918643713
0.199905679891558
0.499937285482726
0.199953140778748
0.0999279003615543
0.19994936033568
0.399987208182975
0.499952650968971
0.499954462702247
0.699911363217422
0.799927336993315
0.699972871571708
0.699975079299829
0.499964041900174
0.499908882929663
0.299973607394033
0.499966964994001
0.299926286411814
0.699963082473175
0.199919576380041
0.799962252327518
0.799965078146747
0.19990763795593