0.198988485673921
0.599034285720166
0.199028396582827
0.299006566214245
0.099028416501161
0.399042486239786
0.198976987990884
0.0990928520848509
0.5990466802429
0.499039459046635
0.798958073276739
0.199111374641097
0.699139971190602
0.798970408899621
0.299009444871496
0.499005898242261
0.698953198756342
0.798930572715008
0.698990792751303
0.0990219412866575
0.498987550064404
0.298986084169963
0.298985463646568
0.0989480364279079
0.0989930702723851
0.49906357119494
0.599033862248191
0.399110787989747
0.799018883228602
0.698898062911518
0.399015149436318
0.499224768553011
0.399068341533597
0.0990819546180579
0.399024855001268
0.399002176438445
0.798988504628673
0.798905099011259
0.298903117089138
0.199063250488965
0.398899361298588
0.699094541807599
0.199106148040395
0.298983863151809
0.698960092817133
0.299053048199889
0.699003939182352
0.398919075676028
0.299018256261498
0.699103473637092